76.65097	95.427925	97.10466	92.48596	87.60876	S
76.637085	95.42724	97.10421	92.486885	87.60888	S
76.59241	95.42718	97.10342	92.48867	87.60861	S
76.56704	95.42745	97.10218	92.49125	87.60876	S
76.543205	95.42915	97.10123	92.49364	87.60946	S
65.17823	93.09776	95.01928	89.03115	82.47196	S
65.18029	93.09861	95.01949	89.03102	82.470024	S
65.18424	93.09981	95.01987	89.030876	82.46594	S
65.18532	93.10069	95.01993	89.030846	82.463684	S
65.186066	93.10321	95.02005	89.0308		82.459656	S
58.104954	95.8483		98.23605	90.99544	81.16443	S
58.106956	95.84753	98.23673	90.994255	81.16149	S
58.107864	95.84717	98.23663	90.99213	81.15549	S
58.109707	95.84666	98.236565	90.98994	81.15230	S
58.12082	95.84657	98.23629	90.98878	81.15070	S
50.199326	90.99339	97.0044		91.02300	80.46380	S
50.200115	90.99292	97.004135	91.02317	80.46691	S
50.20606	90.99248	97.00494	91.02409	80.47241	S
50.209473	90.992165	97.00609	91.02427	80.47426	S
50.224457	90.991745	97.006966	91.024475	80.47822	S
78.26769	44.05042	42.76817	38.80109	36.370285	L
78.252365	44.0494		42.76208	38.797966	36.37259	L
78.24558	44.048584	42.756218	38.796318	36.375496	L
78.24288	44.0456		42.746563	38.79574	36.378025	L
78.24249	44.04427	42.745262	38.795307	36.379414	L
72.23425	53.932705	54.584206	49.792645	41.931194	L
72.22962	53.940453	54.59013	49.792503	41.92590	L
72.22558	53.94963	54.593513	49.79251	41.926388	L
72.22328	53.953987	54.593628	49.793365	41.918884	L
72.21549	53.9578		54.594364	49.79423	41.919247	L
69.008766	62.70339	63.69832	58.302586	48.793648	L
69.01619	62.705162	63.697403	58.303787	48.793663	L
69.0227		62.70671	63.69731	58.301125	48.794197	L
69.03223	62.70739	63.697735	58.30156	48.79299	L
69.038734	62.707874	63.69788	58.294403	48.792923	L
72.76814	47.719967	46.114254	41.752983	39.84178	L
72.789246	47.71884	46.11339	41.753876	39.844707	L
72.81381	47.717323	46.112217	41.755688	39.849648	L
72.81108	47.71483	46.112167	41.756237	39.854336	L
72.830185	47.711586	46.11095	41.75680	39.85945	L
53.870945	49.949577	50.123066	44.540348	68.340744	R
53.90909	49.933643	50.08814	44.540524	68.33410	R
53.94501	49.923397	50.065437	44.54060	68.331924	R
54.01706	49.905342	50.035152	44.54074	68.328896	R
54.10718	49.885574	50.00834	44.540863	68.32728	R
46.336662	55.84158	57.215992	52.030704	71.842285	R
46.323883	55.83647	57.21609	52.03060	71.82106	R
46.31834	55.831272	57.215687	52.03047	71.78838	R
46.331463	55.827805	57.215397	52.030396	71.770485	R
46.356346	55.823406	57.214493	52.03022	71.73493	R
53.709213	54.482048	54.480766	48.66625	78.32251	R
53.70731	54.482864	54.478703	48.66290	78.328865	R
53.695774	54.476032	54.47628	48.657623	78.34287	R
53.681637	54.479546	54.46959	48.659855	78.34788	R
53.65023	54.485897	54.453415	48.648106	78.360756	R
54.326786	49.734764	49.34225	40.730488	70.14334	R
54.31779	49.726185	49.346153	40.72993	70.16358	R
54.3094		49.724056	49.34894	40.729626	70.16894	R
54.30513	49.72303	49.346		40.729095	70.17688	R
54.30082	49.72324	49.32974	40.72858	70.18536	R
48.284283	91.70919	60.36647	55.532074	47.457172	F
48.226894	91.70468	60.52386	55.557682	47.47572	F
48.203056	91.70113	60.618877	55.605846	47.492268	F
48.18592	91.697426	60.679386	55.65501	47.524807	F
48.16754	91.69428	60.742607	55.70655	47.560528	F
51.72504	82.03649	58.42473	52.267868	41.55883	F
51.731434	82.042244	58.42865	52.26788	41.55878	F
51.74363	82.04719	58.431847	52.26789	41.558743	F
51.760532	82.05441	58.43669	52.267876	41.55868	F
51.777027	82.06136	58.440174	52.267883	41.558613	F
46.90494	92.259865	58.886517	52.23390	45.716717	F
46.905884	92.259834	58.90195	52.232586	45.711605	F
46.90827	92.25986	58.918476	52.230186	45.707664	F
46.91016	92.26093	58.929234	52.228687	45.703957	F
46.91482	92.26111	58.93271	52.226227	45.70243	F
49.692657	89.846825	44.39149	41.119823	38.575718	F
49.629646	89.85341	44.37861	41.11989	38.575626	F
49.55593	89.86305	44.35787	41.11999	38.575462	F
49.476902	89.87247	44.338825	41.12007	38.57532	F
49.365063	89.88844	44.311104	41.12020	38.57511	F
51.96482	59.181915	93.99779	52.732346	45.43096	B
51.960915	59.175194	93.99817	52.731777	45.43068	B
51.958046	59.15258	93.998314	52.73135	45.43149	B
51.960915	59.12494	93.99824	52.731636	45.43006	B
51.963787	59.07717	93.99721	52.727776	45.42939	B
49.605072	54.72554	89.47820	46.471313	41.020737	B
49.59930	54.732597	89.47772	46.471146	41.01207	B
49.58993	54.736675	89.47699	46.47104	41.005287	B
49.56516	54.752995	89.47613	46.471157	40.993557	B
49.52222	54.758812	89.47461	46.465717	40.984367	B
55.51835	57.619198	88.52504	49.24161	43.61374	B
55.54039	57.667423	88.52510	49.243973	43.613747	B
55.575455	57.757572	88.524895	49.248936	43.613716	B
55.600178	57.783154	88.52369	49.251144	43.61404	B
55.64117	57.800392	88.520905	49.25349	43.614223	B
48.604885	58.467426	90.35192	48.690216	42.92683	B
48.60548	58.457287	90.35161	48.697235	42.935684	B
48.60921	58.41643	90.350845	48.713963	42.95548	B
48.610428	58.411736	90.35022	48.721493	42.96324	B
48.615044	58.38561	90.34773	48.73406	42.976807	B